**** Training results (MAE and MSE) ****
0.6538149897341285 0.6846951341854608

**** Testing results ****
1.215258865041431 2.813230773815207

**** Training data ****
True value    Predicted value
 0.841871    1.57703196
  2.103051    4.01557945
  0.770011    1.38012968
  1.351271    1.59047277
  0.735261    1.00360791
  0.729571    0.58844372
  0.798921    0.44930439
  0.778181    1.13202793
  0.771221    1.2543047 
  1.675591    0.79235123
  3.687981    2.05291787
  0.395361    0.78089544
  0.515021    0.99234509
  0.815511    2.07720407
  0.788141    2.06088689
  0.783231    0.2697877 
  0.570981   -0.14881021
  2.150571    3.11046095
  0.663991    0.26619514
  1.099501    0.91105181
  1.221691    0.38663489
  1.422161    0.51560162
  0.806051    1.00246783
  0.802401    2.0917034 
  1.172241    0.0295561 
  0.763091    1.28120168
  0.788131    1.14841018
  0.830981    0.59626077
  0.933141    0.936889  
  0.892851    1.80673481
  0.766441   -0.0682959 
  0.803731    0.5292953 
  1.826871    0.4702245 
  0.949101    0.59172777
  1.612301    1.15933768
  1.109341    0.86381876
  0.675681    0.61495164
  1.146511    1.14090656
  1.022771   -1.48118087
  0.670671    0.91660834
  1.898481    1.69606915
  0.694541    0.36927328
  0.909241    0.49515133
  0.930131    2.57262119
  1.055061    1.59500845
  0.850341    0.55768984
  1.417541    2.21721774
  0.836831    0.2892138 
  1.026891    1.97810668
  1.091241    1.59603094
  1.067591    0.30831912
  0.672661    0.18037463

**** Testing data ****
True value    Predicted value
 0.835081    1.12960097
  0.760981    1.76403302
  0.847521    1.53943105
  0.732301    1.85944126
  1.203831    0.56033802
  0.602221    0.46395546
  0.695781    1.14754155
  0.699081    0.52399036
  0.734921   -0.08554184
  1.071301    4.60701986
  1.115391    0.33217996
  1.142631   -1.44322876
  1.158791    4.70667175