Training results:
              precision    recall  f1-score   support

         0.0       0.75      0.49      0.59        78
         1.0       0.64      0.85      0.73        85

    accuracy                           0.67       163
   macro avg       0.69      0.67      0.66       163
weighted avg       0.69      0.67      0.66       163


Testing results:
              precision    recall  f1-score   support

         0.0       0.75      0.43      0.55        21
         1.0       0.59      0.85      0.69        20

    accuracy                           0.63        41
   macro avg       0.67      0.64      0.62        41
weighted avg       0.67      0.63      0.62        41
**** Training results (MAE and MSE) ****
0.2455030136584489 0.18675774028081402

**** Testing results ****
0.15940998622328612 0.04016057672939544

**** Training data ****
True value    Predicted value
2.150571   1.28502871
 1.142631   0.94296978
 0.602221   0.8478304 
 0.763091   0.86317527
 0.570981   0.80757287
 0.395361   0.81338889
 1.158791   0.94779368
 1.675591   0.79897848
 0.735261   0.9977515 
 0.835081   0.93260174
 0.732301   0.77377356
 3.687981   1.35574025
 0.798921   1.03607661
 0.949101   0.80589891
 0.694541   0.92233441
 1.612301   0.79259493
 1.221691   1.18561802
 0.830981   0.87405024
 1.109341   0.86778372
 0.729571   0.79607371
 1.417541   1.07551828
 0.806051   0.80848818
 0.783231   0.92478487
 2.103051   1.59020397
 0.803731   0.81181852
 1.146511   1.04415355
 0.788141   0.89970788
 1.826871   1.44834388
 0.695781   1.09750358
 1.022771   0.94966332
 0.850341   0.78443096
 0.930131   0.82995381
 1.067591   0.89059381
 1.115391   1.15363886
 1.898481   1.65200434
 0.699081   0.79887045
 1.422161   1.32238271
 0.515021   0.9122661 
 0.778181   0.89706568
 1.099501   0.99976977
 0.841871   0.83388307
 0.802401   0.84080314
 1.351271   1.21624842
 0.788131   0.95224377
 0.892851   1.373393  
 0.670671   0.867259  
 0.836831   0.93709967
 1.055061   1.0613654 
 1.026891   0.89910697
 0.663991   0.82592718
 0.770011   0.86955517
 0.815511   0.78722559

**** Testing data ****
True value    Predicted value
0.933141   0.80574075
 1.091241   0.91619253
 0.734921   0.80292574
 1.203831   0.86162914
 0.909241   0.79787449
 1.172241   0.97680618
 0.675681   0.78194956
 0.847521   0.77987375
 0.672661   0.83627463
 0.766441   0.7952772 
 0.771221   0.89343107
 0.760981   0.83664793
 1.071301   1.55993152