3.113995776646091840e-01 7.784989441615228767e-01 5.449492609130660581e-01
2.672612419124243965e-01 8.017837257372730786e-01 5.345224838248487931e-01
5.111012519999519332e-01 6.388765649999399443e-01 5.749889084999459943e-01
6.837634587578277356e-01 4.558423058385517868e-01 5.698028822981897612e-01
3.897804297072767210e-01 7.308383057011439421e-01 5.603093677042103593e-01
3.713906763541037215e-01 7.427813527082074430e-01 5.570860145311555822e-01
8.295613557843402042e-01 2.073903389460850510e-01 5.184758473652126831e-01
7.228973960122490050e-01 4.016096644512494040e-01 5.622535302317491768e-01
3.292927799690710255e-01 7.683498199278323559e-01 5.488212999484517463e-01
4.558423058385517868e-01 6.837634587578276246e-01 5.698028822981897612e-01
