**** Training results (MAE and MSE) ****
0.25244864084467167 0.1609849241941383

**** Testing results ****
0.25620788531575506 0.1163613861316378

**** Training data ****
True value    Predicted value
0.783231   1.05273899
 0.830981   1.00550892
 3.687981   1.61486056
 0.802401   0.96487945
 0.836831   0.86577519
 1.109341   0.97666768
 1.351271   1.50892266
 0.770011   0.98185166
 1.675591   0.76941095
 0.771221   0.79096194
 0.798921   1.11210559
 1.099501   1.00437102
 1.417541   1.17747584
 1.146511   1.03839446
 1.422161   1.29285475
 0.909241   0.83520497
 0.835081   0.98434746
 0.670671   1.00764731
 0.729571   0.76343926
 0.672661   0.93918314
 1.221691   1.49663451
 0.732301   0.69803458
 0.395361   0.91606105
 0.515021   0.80741699
 0.778181   0.91066564
 0.788141   0.97751565
 1.826871   1.61708619
 1.067591   0.82576341
 1.158791   0.90349827
 0.892851   1.6817075 
 0.735261   1.17751026
 0.760981   1.01491896
 0.847521   0.75087419
 0.930131   0.88211434
 0.841871   0.96701784
 0.815511   0.75868559
 0.663991   0.90460282
 1.022771   1.06872189
 1.091241   1.00960922
 0.803731   0.90974478
 0.949101   0.81661348
 1.898481   1.65416816
 1.115391   1.12498813
 1.055061   0.98005954
 2.150571   1.50126111
 0.788131   0.99553857
 0.763091   0.97607031
 1.172241   0.92354818
 0.695781   1.15221408
 0.933141   0.77522774
 1.026891   0.75386411
 0.694541   0.83461312

**** Testing data ****
True value    Predicted value
1.142631   0.88097882
 0.850341   0.78290751
 0.806051   0.76403663
 1.203831   0.9708509 
 1.612301   0.76996023
 0.675681   0.77171641
 2.103051   1.58441737
 1.071301   1.52842384
 0.699081   0.89855367
 0.602221   0.93003152
 0.734921   0.85757605
 0.766441   0.77209862
 0.570981   0.72787485