**** Training results (MAE and MSE) ****
0.3551514132860906 0.26543498232494156

**** Testing results ****
0.3686956251797427 0.19147842869152568

**** Training data ****
True value    Predicted value
0.735261   1.12635362
 0.395361   1.12635362
 0.732301   1.12635363
 0.806051   1.12635363
 0.802401   1.12635362
 1.172241   1.12635363
 0.835081   1.12635362
 1.417541   1.12635363
 0.734921   1.12635363
 0.670671   1.12635362
 1.826871   1.12635362
 0.783231   1.12635363
 1.067591   1.12635363
 0.672661   1.12635362
 0.778181   1.12635363
 0.788141   1.12635363
 0.803731   1.12635362
 1.221691   1.12635363
 1.022771   1.12635362
 1.099501   1.12635363
 0.663991   1.12635363
 0.766441   1.12635362
 2.103051   1.12635362
 0.933141   1.12635363
 0.729571   1.12635362
 0.695781   1.12635362
 0.847521   1.12635362
 0.675681   1.12635362
 0.694541   1.12635363
 1.109341   1.12635363
 1.898481   1.12635362
 1.142631   1.12635362
 0.949101   1.12635362
 0.602221   1.12635362
 1.675591   1.12635363
 0.909241   1.12635363
 1.071301   1.12635362
 0.763091   1.12635362
 1.203831   1.12635362
 0.798921   1.12635363
 1.026891   1.12635363
 0.836831   1.12635363
 0.788131   1.12635362
 1.158791   1.12635362
 1.055061   1.12635362
 0.841871   1.12635362
 0.760981   1.12635362
 0.815511   1.12635363
 0.570981   1.12635362
 1.091241   1.12635363
 3.687981   1.12635362
 1.146511   1.12635363

**** Testing data ****
True value    Predicted value
0.699081   1.12635362
 1.612301   1.12635362
 1.422161   1.12635363
 0.892851   1.12635362
 2.150571   1.12635362
 0.830981   1.12635362
 0.930131   1.12635362
 0.771221   1.12635363
 0.515021   1.12635362
 1.115391   1.12635363
 0.770011   1.12635363
 1.351271   1.12635363
 0.850341   1.12635362