-4.342290104173857079e-01 1.309967171353353832e+00 3.591449336378099155e-01
-9.221267749313023510e-01 -2.044457435060150208e-01 -9.235155436400829254e-01
5.415665186104474671e-01 1.309967171353353832e+00 1.214251918489738458e+00
-5.318085633201690143e-01 -1.567417366879447105e+00 -1.351069036066047113e+00
-6.293881162229523207e-01 -2.044457435060150208e-01 -6.669834481845042795e-01
-9.221267749313023510e-01 -9.616522009356994749e-01 -1.351069036066047113e+00
2.493157576666114039e+00 -9.616522009356994749e-01 1.641805410915702756e+00
7.855154008674057886e-01 -5.830489722208572756e-01 3.591449336378099155e-01
-5.318085633201690143e-01 7.042020054096063131e-01 -6.840855878815434166e-02
1.512483069993142137e-01 1.158525879867416952e+00 7.866984260637741588e-01
