1.000000000000000000e+00 2.000000000000000000e+01 5.000000000000000000e+01 3.500000000000000000e+01 4.000000000000000000e+02 1.000000000000000000e+03 7.000000000000000000e+02 2.500000000000000000e+03 1.750000000000000000e+03 1.225000000000000000e+03
1.000000000000000000e+00 1.000000000000000000e+01 3.000000000000000000e+01 2.000000000000000000e+01 1.000000000000000000e+02 3.000000000000000000e+02 2.000000000000000000e+02 9.000000000000000000e+02 6.000000000000000000e+02 4.000000000000000000e+02
1.000000000000000000e+00 4.000000000000000000e+01 5.000000000000000000e+01 4.500000000000000000e+01 1.600000000000000000e+03 2.000000000000000000e+03 1.800000000000000000e+03 2.500000000000000000e+03 2.250000000000000000e+03 2.025000000000000000e+03
1.000000000000000000e+00 1.800000000000000000e+01 1.200000000000000000e+01 1.500000000000000000e+01 3.240000000000000000e+02 2.160000000000000000e+02 2.700000000000000000e+02 1.440000000000000000e+02 1.800000000000000000e+02 2.250000000000000000e+02
1.000000000000000000e+00 1.600000000000000000e+01 3.000000000000000000e+01 2.300000000000000000e+01 2.560000000000000000e+02 4.800000000000000000e+02 3.680000000000000000e+02 9.000000000000000000e+02 6.900000000000000000e+02 5.290000000000000000e+02
1.000000000000000000e+00 1.000000000000000000e+01 2.000000000000000000e+01 1.500000000000000000e+01 1.000000000000000000e+02 2.000000000000000000e+02 1.500000000000000000e+02 4.000000000000000000e+02 3.000000000000000000e+02 2.250000000000000000e+02
1.000000000000000000e+00 8.000000000000000000e+01 2.000000000000000000e+01 5.000000000000000000e+01 6.400000000000000000e+03 1.600000000000000000e+03 4.000000000000000000e+03 4.000000000000000000e+02 1.000000000000000000e+03 2.500000000000000000e+03
1.000000000000000000e+00 4.500000000000000000e+01 2.500000000000000000e+01 3.500000000000000000e+01 2.025000000000000000e+03 1.125000000000000000e+03 1.575000000000000000e+03 6.250000000000000000e+02 8.750000000000000000e+02 1.225000000000000000e+03
1.000000000000000000e+00 1.800000000000000000e+01 4.200000000000000000e+01 3.000000000000000000e+01 3.240000000000000000e+02 7.560000000000000000e+02 5.400000000000000000e+02 1.764000000000000000e+03 1.260000000000000000e+03 9.000000000000000000e+02
1.000000000000000000e+00 3.200000000000000000e+01 4.800000000000000000e+01 4.000000000000000000e+01 1.024000000000000000e+03 1.536000000000000000e+03 1.280000000000000000e+03 2.304000000000000000e+03 1.920000000000000000e+03 1.600000000000000000e+03
