4.622178648452004381e+03 1.257017568354962350e+03 3.165762944988284744e+02 -1.187161894811952152e+02 7.244453439467800138e+01 -8.822476499201847844e+01 2.255219568499078875e+01 -7.363161453988631422e+00 -1.041116351817166077e+02 1.490518922344355346e+00
4.895694669010837288e+02 -3.425330363901338160e+02 -3.753741995715984103e+01 1.028970361046938820e+02 3.541850109018581065e+02 6.975343453247975845e+01 -1.103049724448005691e+02 9.540143735514011780e+01 -5.640338062492664051e+01 -3.440663660817369163e+01
5.329959459444028653e+03 -5.309560975218537493e+01 5.636428045806491127e+01 1.426958877619198063e+02 -3.463965054687755440e+01 1.747607217266207158e+01 -2.497648037448444214e+01 1.295819668960043884e+02 3.769058466480476710e+01 1.092791873028295555e+02
7.476286847402203421e+03 -2.480764035343467242e+02 -7.350942331088951676e+00 1.701389609393668536e+02 -7.206472301667011493e+01 -7.188941984843722821e+01 -5.392995769741693124e+01 1.007846391697147936e+01 6.143986198425606915e+01 -4.432604608236351851e+01
-1.291563404038847239e+03 -2.710311499721394313e+01 -8.640242218111399808e+00 -2.799570344787862908e+01 -2.276497767314812037e+01 -1.033193634791496329e+01 4.548212941630080941e+00 -7.872842665731142553e+00 -6.286100440960424862e+00 2.709679532721279482e+00
-1.261673777548846829e+03 -3.210069571247068154e+01 -9.361877534477468288e+00 -2.651490798275088778e+01 -2.110088159926467100e+01 -8.902424305309287078e+00 6.673041359554930274e+00 -1.077478059846652592e+01 -3.653971793407528423e+00 1.872334548940780108e+00
-9.973798697865674967e+02 -1.303305898992267657e+02 -9.579852752696879747e+01 -8.319747432473672433e+00 -1.221486620197821438e+01 -4.063677330181393188e+01 -1.491785377073500385e+01 -2.708388877001057438e+01 -8.335674624517039888e+00 -1.062479059438797080e+01
-1.044909428163738994e+03 -5.499344986932594281e+01 -2.230972748440437670e+01 -2.381582411115633846e+01 -2.555215653847465873e+01 -2.144922164036322343e+01 -2.955123774690896488e-01 -1.522580330176825747e+01 -2.692492853433792188e+00 4.864390346563633116e+00
-1.090316328579474884e+03 -7.813922156545962139e+01 -5.918780890089054481e+01 -4.653718672082719721e+00 -4.809457846173700801e+01 4.928648683494344596e+00 1.045976331423958605e+01 -1.200129414610765277e+00 3.536255564109101801e+00 4.418915431421220674e+00
1.861927663076139879e+03 5.155256768790970909e+02 9.887633343203777940e+02 -2.084443395199757845e+02 -1.014511062432261745e+01 -3.833034192244637239e+01 -1.454617511484532244e+01 3.464327786218198924e+01 -6.261890623275201051e+01 -1.566407147409220890e+01
-3.345816171250759794e+02 -2.159419779448464567e+02 -1.534108123617159549e+02 1.481604741494938366e+02 3.738746587834045698e+01 1.552114074865027362e+02 -9.885198605767495650e+00 1.904869851682136641e+02 -1.036896791662593387e+02 -5.717420158208242498e+01
4.161543761778543740e+03 -3.366765733584981604e+02 2.106207916621615084e+02 1.791241882793003413e+02 4.244884125532826147e+01 7.988207040036679984e+01 1.299745939406189734e+02 1.464717350877099911e+01 2.424806614800522553e+01 6.415293554884527794e+01
6.511197810680608200e+03 -5.340599333967413713e+02 7.586981655015688375e+01 2.304431828054219409e+02 -1.847781791248711869e+01 -3.899374665402512363e+01 6.764631028925852263e+01 -3.973262061547267621e+01 -6.738044445062095988e+00 1.842951013201825461e+01
-1.310829939262917833e+03 -2.527177117151253327e+01 -2.931028896550881502e+00 -2.823664548028645527e+01 -1.990974370665750115e+01 -6.584395191042963447e+00 5.624262539850090725e+00 -9.259603958481664066e+00 -5.208306485256443352e+00 2.810973442009916390e+00
-1.282207534483855170e+03 -3.300681103950254425e+01 -4.970289754105163382e+00 -2.681109889376901378e+01 -2.055866497035651008e+01 -4.997247426202517495e+00 8.854810529838466948e+00 -1.102839030405641374e+01 -6.885425710892090212e-01 -2.173690602758685309e+00
-1.173968396485675612e+03 -1.175850532291890858e+02 -4.645819275523567882e+01 -1.176149765519312851e+01 -2.149347107929678202e+01 -6.217966718650754787e-01 -1.420074521368903930e+01 -8.823248990592714947e+00 9.481321319961233840e+00 -1.530474781320934774e+01
-1.090124464173755996e+03 -5.970443628850824780e+01 -9.725044165622584558e+00 -2.216241408800331314e+01 -2.477385933568644560e+01 -9.586428190790091008e+00 3.783943938366307158e+00 -1.135921448694204017e+01 2.013510295054127819e-01 2.424497815088903774e-01
-1.216953410110113737e+03 -6.088392136668358745e+01 -2.785855599739716837e+01 -1.632903237202587476e+01 -3.016727737229188477e+01 3.095781034889244054e+00 6.091340692714416249e+00 -7.050492449573727782e+00 3.129979580470296785e+00 -3.836277473493220347e-01
1.434253945069301835e+03 7.198658942952783946e+02 -6.718118942880801114e+02 6.104665604026882164e+01 6.306870113013124524e+01 -5.452764829820230119e+01 4.617964667858969108e+01 -5.097585505185027444e+01 -4.544552060799588133e+01 1.947494843470483161e+01
-5.018459562804031293e+02 -1.482170556258744227e+02 1.162485379380254074e+02 -7.394493204331138259e+01 2.972766011346481037e+02 -9.009119818265308766e+01 -9.133849796027934076e+01 -1.040549635487531503e+02 4.333350688230130743e+01 2.508792301217709664e+01
-1.575813426410782654e+02 2.619549664257249901e+02 -1.538813656706275026e+02 -6.510979451589197708e+01 -9.660943569107550388e+01 -6.703922345633455393e+01 -1.458697984363495550e+02 1.059653776515539647e+02 9.489726857768253865e+00 4.744660979225263731e+01
-3.609080035849667070e+02 2.643575326818086637e+02 -8.284561334777637853e+01 -8.898571586456687044e+01 -7.310784899305255635e+01 -3.752889842304221446e+01 -1.124949921079215329e+02 4.084166879676450179e+01 6.422511477028685078e+01 -6.043519817611350220e+01
-1.306730505082490026e+03 -2.345734100628766683e+01 -5.334067788091024553e+00 -2.844055196610352354e+01 -2.237617785536014736e+01 -8.380766385501990712e+00 8.005226280533738858e+00 -7.582654442929039007e+00 -5.030585614735183952e+00 2.219064128979690409e+00
-1.305463283371555008e+03 -2.071988185355488099e+01 -4.016442246902992785e+00 -2.838530308749351150e+01 -2.006316051777783471e+01 -8.538402107736761337e+00 6.899506708470332761e+00 -8.715806030089691347e+00 -6.918220881349780527e+00 6.366383189967798728e+00
-1.149408513607452960e+03 -3.437153385062372024e+01 -4.896518923826356229e+01 -2.523974377579216721e+01 -1.024233901155099957e+01 -4.464820185857880830e+01 8.364167321707801861e+00 -2.723005551509732314e+01 -2.176978760350944597e+01 7.000315257089713583e+00
-1.280782004296545892e+03 -1.691501076140447068e+01 -1.220953778531246847e+01 -3.033490402166465216e+01 -2.029924109165779100e+01 -1.649601867820313217e+01 5.001819562918347728e+00 -1.283600455050579292e+01 -6.846635541970569783e+00 6.942298603323080464e+00
-1.199359958775923133e+03 -3.888129737936256447e+01 -3.095410737002391954e+01 -1.700618029856844160e+01 -3.744824497831451282e+01 -2.800357580024880555e+00 1.344969850027888647e+01 -3.119052700716573145e+00 -3.546515675392557743e+00 7.122901217038867472e+00
-6.622683443634917921e+02 2.924049023591013565e+02 -1.665403783755595057e+01 -4.015426739884803453e+01 1.825047392260673291e+02 -1.584814801351317328e+02 2.511793374932056793e+02 1.777268249800306705e+02 1.297476274975938964e+02 -5.951099719333609528e+01
-1.091789792565482912e+03 -3.241550718708885626e+01 4.345342481754285302e+01 -4.225285124823253113e+01 6.934569865158357516e+01 -3.517278279511592132e+01 -2.348797302140187071e+01 -4.591375183433494556e+01 7.666211687689902909e+00 6.390023642108388913e-01
-1.025201806903208762e+03 5.470719455788429997e+01 -1.042673419644875921e+01 -3.959516407081724054e+01 -1.356482437763266446e+01 -4.213340672912535467e+01 -7.609206288035715637e+00 7.373157116633964847e+01 4.531332803535587317e+01 9.214022365768099121e+01
-1.061038355522681741e+03 5.350539892718629886e+01 2.968055278904198602e+01 -5.401346425716076993e+01 -2.336715473222836081e+01 -2.584731439018549182e+01 -2.592485094519298627e+01 5.211975285381275569e+01 6.408441840128878653e+01 -6.704457121171755851e+00
-1.320599320381229290e+03 -2.226363520579206323e+01 -1.679175562340804451e+00 -2.860471452522418900e+01 -2.084004171991019660e+01 -5.861204802007439874e+00 8.410639679461297646e+00 -8.545709614403676824e+00 -4.230290844733877620e+00 2.061850637994647073e+00
-1.321161292639424801e+03 -2.196484068422686775e+01 -9.934162023433875666e-01 -2.839727713051563640e+01 -1.907519853386702025e+01 -5.317158335930024293e+00 8.368910008497149278e+00 -8.554284098742305886e+00 -4.350695933547574334e+00 4.606145752316043840e+00
-1.282815383824688979e+03 -3.209965001165976872e+01 -1.525418328685941560e+01 -2.460713158521747346e+01 -2.101318072922034474e+01 -3.608908903523833533e+00 7.157910062393445294e+00 -1.613861292875541764e+01 -1.372650221938785109e-01 6.646570957080361275e+00
-1.314964119765510077e+03 -2.236351905224247716e+01 -4.523315530746368829e+00 -2.822931573076773759e+01 -2.104969825245387582e+01 -5.960907135572727000e+00 8.011973263528544109e+00 -9.316657667739402626e+00 -2.622591506387158766e+00 5.457074835012418745e+00
-1.291756747137039611e+03 -2.499323714812392794e+01 -1.332575128841103052e+01 -2.524925818151227830e+01 -2.753327000724938856e+01 -2.283140404826693892e+00 9.108588836159160707e+00 -1.182081101182470029e+01 2.114660381400767231e-01 6.309211102890276202e+00
2.835685080091359396e+03 7.529040137343140486e+02 -3.577556676981407691e+02 -1.107746363151272817e+02 6.469049896772233410e+01 1.963694315088607709e+02 2.505833604108402213e+01 -5.772328936201125771e+01 3.533330366576426940e+01 4.866606238610205359e+00
1.652533402509278062e+02 -2.821855501861609241e+02 -5.101481706094664048e+01 -1.458456197595401989e+02 2.566817248064455157e+02 2.833723120536403783e+01 -4.386230199640367999e+01 1.600367798626488591e+00 -2.693824170902174409e+00 3.208856824433215138e+01
4.233424590363369134e+03 -6.901024095200307329e+01 -1.877798773307121678e+02 -3.426251492304589306e+02 -6.307234746159110728e+01 2.780005534623906627e+01 -5.791467978008842010e+01 6.469784818614029120e+01 -2.902220103893938941e+01 1.689924631111896147e+01
6.740524795215433187e+03 -2.725747675013976732e+02 -1.682221014689763479e+02 -1.927135843450504069e+02 -8.594485349569880839e+01 -8.035364627806390558e+01 -7.557469896396676745e+01 -2.964660250051250046e+01 3.257993241459845279e+01 -7.232473526723087787e+01
-1.267552865018200009e+03 -2.773803275659360779e+01 -7.089556277235069537e+00 -3.274452525525182267e+01 -2.130627306907324936e+01 -9.140550301574290160e+00 6.741030698758089912e+00 -8.148993740620950277e+00 -5.368857034575199805e+00 2.904757492785438266e+00
-1.232423252572371211e+03 -2.895767248388737514e+01 -2.300444046572341694e+00 -2.020478023623487474e+01 -2.108015947313512939e+01 -1.262602606705693731e+01 6.166527089753959245e+00 -1.098025376969987121e+01 -4.688759498592603769e+00 2.253818215175137585e+00
-7.981684682553099037e+02 -9.003167263430843548e+01 -5.297274850815510661e+01 -1.737148697789482554e+01 -1.339019131956019315e+01 -5.613977929035677050e+01 -6.817815522294388142e-01 -2.019970671074468527e+01 -1.802384878789055733e+01 -3.550325402821892240e+00
-9.509190248298367578e+02 -4.881759296486589506e+01 -3.442162766677921759e+00 5.223229539457753035e+00 -2.538306662841984718e+01 -3.361975657088886749e+01 -3.563873264588957479e+00 -1.758928562612966573e+01 -3.375838722918680368e+00 3.391588115002504455e+00
-1.050088823613305067e+03 -6.275439955517589397e+01 -3.586256456185624586e+01 -1.206958850454595655e+01 -4.025458677406967212e+01 -4.990548001345195495e+00 1.029857550605364125e+01 4.455893161236815780e-01 -2.183920786659977242e+00 3.722545300062959139e+00
7.543409471549689727e+01 1.141212225845015382e+01 3.144313721234091759e+02 -2.005027863539077941e+02 -1.789914605127862401e+01 2.462638545784331257e+02 -1.204003475875188656e+01 -1.571685004584055889e+01 7.682603261472895895e+01 -1.228798415782641662e+01
-6.588977437752308788e+02 -1.555944917408728259e+02 -1.668882094655027117e+02 -1.005821817147405710e+02 -6.011582021707195622e+01 1.137952041593870973e+02 5.655747184262941119e+01 9.668591561170003956e+01 -4.998012271223468872e+01 9.321003270423387832e+00
3.065008892697886040e+03 -3.525912045583148711e+02 -3.352336612661527226e+01 -3.061968487130784524e+02 1.401614434061498216e+01 9.020605357394359203e+01 9.703639453501494927e+01 -5.023694520109320649e+01 -4.246471955573894519e+01 -2.822700544286544044e+01
5.775435758493841604e+03 -5.585582973637924624e+02 -8.500134258773019269e+01 -1.324093624789949786e+02 -3.235794839151500923e+01 -4.745797308365155942e+01 4.600156902270821746e+01 -7.945768703295644286e+01 -3.559797401471956135e+01 -9.569179052849237976e+00
-1.286819400242269921e+03 -2.590668893089181068e+01 -1.380342955674410454e+00 -3.298546728765987268e+01 -1.845103910258281132e+01 -5.393009144702346269e+00 7.817080296978089926e+00 -9.535755033371522416e+00 -4.291063078871144576e+00 3.006051402074091605e+00
-1.252957009507378189e+03 -2.986378781091909929e+01 2.091143733800074234e+00 -2.050097114725296521e+01 -2.053794284422694005e+01 -8.720849187950172166e+00 8.348296260037415095e+00 -1.123386347528973062e+01 -1.723330276274140260e+00 -1.792206936524294303e+00
-9.747569949544179053e+02 -7.728613596427094024e+01 -3.632413736422011485e+00 -2.081323720061427807e+01 -2.266879619687856362e+01 -1.612480266040795485e+01 3.532700481647355062e-02 -1.939066931326899779e+00 -2.068528434123825810e-01 -8.230282621643301155e+00
-9.961340608398527365e+02 -5.352857938404797267e+01 9.142520552103972520e+00 6.876639562610813883e+00 -2.460476942563154523e+01 -2.175696312131571375e+01 5.155830512465167104e-01 -1.372269681130345198e+01 -4.819948399794492522e-01 -1.230352450052259350e+00
-1.176725905143942782e+03 -4.549909935639946212e+01 -4.533311658362739749e+00 -2.374490220448912581e+01 -2.232728568462467678e+01 -6.823415649950327122e+00 5.930152884528474111e+00 -5.404773718839323671e+00 -2.590196770298625051e+00 -1.079997878707586567e+00
2.179689598970612224e+03 8.118593711097616961e+02 -2.636961385165720344e+02 2.298965915162986846e+02 5.484221614781893095e+01 1.342180998915736723e+02 -8.228479791043691094e+00 -8.314334007775669022e+01 5.018447577496090162e+01 -4.509427305090510707e+00
-5.046932154961364176e+02 -2.236648338736605126e+02 5.468868620843469586e+01 1.371362712198263978e+02 2.138689577664761714e+02 -5.418529568834625110e+01 -7.699027407519631083e+01 -3.879840923153857091e+01 1.105226633927295055e+01 2.298345132022324988e-01
5.524999045666078246e+02 2.315454168010594742e+02 3.815744329678754099e+01 4.449409201399304834e+02 -7.960253293699777544e+01 -4.517576047512950055e+01 -9.650709253143214994e+01 4.431184374826345618e+01 -1.867033269402138984e+01 1.305476724608760719e+01
4.224799334512744764e+01 2.343621843324005454e+02 -1.046140735153839962e+01 3.123334573640563008e+02 -7.517488457299165816e+01 -1.061999897173713592e+01 -3.906221349341104343e+01 2.110661783693202054e+01 1.703465122871790527e+01 -6.236704737249347374e+01
-1.294103233600993235e+03 -2.311390958776913251e+01 -5.667567915794530231e-01 -3.324391516848412209e+01 -2.040970717071254015e+01 -4.248178021991879660e+00 1.011313218680313852e+01 -8.817755793386368168e+00 -3.168077093130129640e+00 1.222420256445514886e+00
-1.286604085919561385e+03 -2.055159642410634646e+01 2.859540307390827873e+00 -2.053434364199769746e+01 -1.994012687487083468e+01 -6.664638018690515864e+00 6.636702530574096315e+00 -9.663277466101959590e+00 -5.479735936630524940e+00 6.242703031831935867e+00
-1.055638239897524954e+03 -1.055345941072724614e+01 4.717522332320623235e+00 -2.866455609131926252e+01 -1.983965848616783489e+01 -1.139887185692135851e+01 8.542419320063050492e+00 -2.580797360084298830e+01 -4.394484072068749470e+00 1.109698488756236934e+01
-1.212766519142767493e+03 -1.824944345987802308e+01 8.985132806144690676e+00 3.574120420045700186e+00 -1.998679423640599495e+01 -1.312696943633020474e+01 4.262760665982555430e+00 -1.659090961083326121e+01 -3.759672034805326302e+00 4.367217569856181036e+00
-1.228872220656377522e+03 -2.859280983899678219e+01 4.274607723693503725e-01 -2.744943232584134307e+01 -2.006259496782381291e+01 -7.485916488015819326e+00 7.583650029905667722e+00 -1.050194840143125496e+01 -3.436503158627953969e+00 2.043168380359333014e+00
-5.691042863881950780e+02 7.133389817427993762e+01 3.953379061628205591e+02 1.285396704683885218e+02 -3.058443166907201061e+01 1.716495417216043506e+02 -5.112517376142584169e+01 -4.281000125168967685e+01 9.293601638265660370e+01 -1.500652737406194781e+01
-1.137553964737161323e+03 -5.693544783017870259e+01 -1.980602456433335234e+01 3.351039468765255691e+01 -1.361030287416548212e+01 2.955413661909859968e+01 -6.798133779976518021e+00 3.752242477464452008e+01 -3.612516773564227179e+01 -3.160849075853534629e+01
-6.003019847309363968e+02 -5.074215615417245573e+01 1.737934289770971930e+02 4.660613634413617206e+02 -6.508345483971544887e+00 8.594392432989921282e-01 5.035284954476713182e+01 -7.192709392406756308e+01 -2.863405413893245921e+01 -2.277918824601385950e+01
-8.806766383996273362e+02 -4.464591954801927187e+01 8.016082834361301934e+01 3.187986070433880741e+02 -1.528963346881501018e+01 1.816889363730153661e+01 7.026087336394795102e+01 -3.299416817554205750e+01 -5.532608027850312737e+01 2.047812620235646808e+00
-1.312389343743577911e+03 -2.116286754211705912e+01 4.658401125121389263e+00 -3.260430760529059313e+01 -1.785847771765126524e+01 -1.977781061003648588e+00 1.055750798227821896e+01 -1.031541589999417674e+01 -2.489569701450264461e+00 1.505789476619435741e+00
-1.307101662538723531e+03 -2.145465990311525672e+01 7.209592313630220239e+00 -2.086725698778148086e+01 -1.940686920216656475e+01 -2.798817922445483664e+00 8.800161206634751210e+00 -9.922170646923754944e+00 -2.510331519600171646e+00 2.217701533798173585e+00
-1.232226766596634207e+03 2.192077259310185600e+00 5.405785710405361044e+01 -3.210630631403875412e+01 -2.911826336348648070e+01 2.861610477302738076e+01 9.259527877109066551e+00 -7.547333821425256772e+00 1.342251187240939103e+01 6.417027668741006607e+00
-1.257248771095799611e+03 -2.289861876650017081e+01 2.072856440089211461e+01 4.483766490266335225e+00 -1.938994874625221598e+01 -2.061295147910514824e+00 7.971362335328064930e+00 -1.283133054219568514e+01 -7.853158832386150090e-01 1.710830782615222201e-01
-1.299214269316409627e+03 -2.331917238538847670e+01 5.320121402926610621e+00 -2.601448327567085528e+01 -1.803674116420447859e+01 1.970896971185504221e+00 1.093776120309740918e+01 -6.809813019308873727e+00 -4.370338724791491991e+00 2.409102477246655383e+00
